kpxy: 0.45
kdxy: 0.20
kixy: 0.07

kpz: 0.32
kdz: 0.07
kiz: 0.06

kixy_lim: 3.0
kiz_lim: 3.0

hover_thrust:
  a: 0.12962
  b: -0.10624

g : 9.8

exp: 0.1

max_tilt_angle: 80 # [deg]
