motor_params:
  n_motors: 8
  a:  0.087689
  b: -0.17647
