motor_params:
  n_motors: 8
  a:  0.24300
  b: -0.17647
