motor_params:
  n_motors: 8
  a:  0.18602
  b: -0.17647
