hover_thrust:
  a: 0.10809
  b: -0.13701
