motor_params:
  n_motors: 8
  a:  0.15812
  b: -0.15000
