hover_thrust:
  a: 0.055902
  b: -0.15000
