motor_params:
  n_motors: 4
  a: 0.19202
  b: -0.15000
