motor_params:
  n_motors: 4
  a: 0.21055
  b: -0.15011
