hover_thrust:
  a: 0.25068
  b: -0.70919
