motor_params:
  n_motors: 4
  a: 0.44283
  b: -0.51861
