hover_thrust:
  a: 0.17403
  b: -0.25104
