hover_thrust:
  a: 0.171448
  b: -0.30831
