motor_params:
  n_motors: 4
  a: 0.50136
  b: -0.70919
