motor_params:
  n_motors: 8
  a: 0.20912
  b: -0.27171
