motor_params:
  n_motors: 4
  a:  0.39413
  b: -0.17647
