motor_params:
  n_motors: 8
  a: 0.14534
  b: -0.59161
