hover_thrust:
  a: 0.15369
  b: -0.23977
