motor_params:
  n_motors: 6
  a: 0.384031
  b: -0.31225
