hover_thrust:
  a: 0.16638
  b: -0.36226
