motor_params:
  n_motors: 6
  a: 0.407546
  b: -0.36226
