hover_thrust:
  a: 0.15678
  b: -0.31225
