hover_thrust:
  a: 0.46804
  b: -0.73807
