motor_params:
  n_motors: 8
  a: 0.23420
  b: -0.21806
