motor_params:
  n_motors: 4
  a:  0.35149
  b: -0.14867
