motor_params:
  n_motors: 4
  a:  0.37119
  b: -0.17647
