motor_params:
  n_motors: 4
  a:  0.54457
  b: -0.46643
