motor_params:
  n_motors: 4
  a: 0.28078
  b: -0.15000
