hover_thrust:
  a: 0.14039
  b: -0.15000
