kpxy: 0.50
kvxy: 0.30
kixy: 0.1

kpz: 0.4
kvz: 0.15
kiz: 0.06

kixy_lim: 3.0
kiz_lim: 3.0

hover_thrust:
  a: 0.15369
  b: -0.23977

g : 9.8

max_tilt_angle: 45 # [deg]
