kpxy: 0.45
kdxy: 0.20
kixy: 0.07

kpz: 0.32
kdz: 0.07

km: 1.0

kixy_lim: 3.0
km_lim: 1.0 # [kg]

hover_thrust:
  a: 0.15369
  b: -0.23977

g : 9.8

exp: 0.1

max_tilt_angle: 45.0 # [deg]
