hover_thrust:
  a: 0.050949
  b: -0.026949
