hover_thrust:
  n_motors: 8
  a: 0.144106
  b: -0.026949
