motor_params:
  n_motors: 4
  a: 0.34660
  b: -0.83861
