motor_params:
  n_motors: 4
  a:  0.23548
  b: -0.17647
