motor_params:
  n_motors: 4
  a: 0.30655
  b: -0.22970
