motor_params:
  n_motors: 4
  a: 0.342896
  b: -0.30831
