motor_params:
  n_motors: 4
  a: 0.34806
  b: -0.25104
