hover_thrust:
  a: 0.10528
  b: -0.15011
