hover_thrust:
  a: 0.11905
  b: -0.30015
