kpxy: 0.60
kvxy: 0.30
kixy: 0.1

kpz: 0.5
kvz: 0.2
kiz: 0.06

kixy_lim: 3.0
kiz_lim: 3.0

hover_thrust:
  a: 0.12962
  b: -0.10624

g : 9.8

max_tilt_angle: 45 # [deg]
